  -2.1628241e-01
  -8.3279219e-01
   6.2666153e-02
   1.4383821e-01
  -5.7323568e-01
   5.9545773e-01
   5.9458210e-01
  -1.8816638e-02
   1.6364618e-01
   8.7319571e-02
  -9.3354289e-02
   3.6289527e-01
  -2.9415827e-01
   1.0915929e+00
  -6.8197942e-02
   5.6965657e-02
   5.3338411e-01
   2.9640730e-02
  -4.7824203e-02
  -4.1617473e-01
   1.4720541e-01
  -6.6809093e-01
   3.5716228e-01
   8.1178103e-01
  -3.4588785e-01
   4.4289983e+00
   4.6270007e+00
   3.2031352e+00
   3.2795178e+00
   4.2855738e+00
   3.8000572e+00
   4.3449987e+00
   4.4078111e+00
  -6.4404584e-01
  -3.5487512e-01
  -6.6569975e-01
  -4.0458096e-01
  -1.6012286e+00
   1.9901052e+00
   1.9216414e+00
   1.1979572e+00
   2.1286521e+00
   1.4717635e+00
   2.7075707e+00
   1.5974548e+00
   2.2643715e+00
   2.1096603e+00
   1.5390492e+00
   9.1466275e-01
   1.9704061e+00
   1.4946831e+00
   2.3072315e+00
   2.2538704e+00
   2.8462149e+00
   2.2956413e+00
   1.6782024e+00
   2.1901686e+00
   1.4954422e+00
  -2.0097553e+00
  -2.0241104e+00
  -1.9999784e+00
  -2.1589297e+00
  -1.4524981e+00
  -4.3699513e-01
   3.2140916e+00
   3.4478192e+00
   3.3654787e+00
   3.2889287e+00
   3.0201570e+00
   3.3385446e+00
   3.2844501e+00
   2.8721773e+00
   2.8112655e+00
   2.8520564e+00
   2.2624327e+00
   2.8829980e+00
   3.0592224e+00
   3.1574045e+00
   3.7217541e+00
   2.8245126e+00
   3.3116169e+00
   3.3995243e+00
   3.4704450e+00
   2.5039541e+00
   3.1060176e+00
   3.1189410e+00
   2.4961183e+00
   2.6289776e+00
   3.5411475e+00
   2.9342501e+00
   3.1949402e+00
   3.0439936e+00
   2.6822674e+00
   2.7202133e+00
   3.2218267e+00
   2.5250481e+00
   3.3905908e+00
   3.2844803e+00
   2.5891429e+00
   2.8671966e+00
   2.4061115e+00
   1.8988396e+00
  -7.0683130e-01
  -1.4593175e+00
  -1.0363162e+00
  -1.0829715e+00
  -1.1892669e+00
  -1.7019722e+00
  -1.6735730e+00
  -1.3872146e+00
  -1.7929431e+00
  -1.7279515e+00
   1.6362400e+00
   9.2787192e-01
   2.9134127e-01
   8.7938643e-01
   3.3582807e-01
   2.2536123e-01
   7.6944919e-01
   1.3767327e+00
   9.6432222e-01
   1.2282338e+00
   3.1609032e-01
   6.6969741e-01
   7.6878002e-01
   2.9342397e-01
   2.4028150e-01
   1.3656088e+00
   9.0562245e-01
   5.7742709e-01
   1.3028644e+00
   1.0158130e+00
   4.0512016e-01
   1.5697929e+00
   1.0447510e+00
   1.6394585e+00
   1.4690140e+00
   5.5793071e-01
   2.5403198e-01
   8.6353686e-01
   7.3470056e-01
   4.7818618e-01
   1.1488848e+00
   1.6442452e+00
   6.2676205e-01
   4.7662092e-01
   7.7683174e-01
   1.2315121e+00
   4.7290131e-01
   2.9934259e-01
   8.4006529e-01
   8.6735299e-01
   1.1426478e+00
   6.0225455e-01
   8.2516613e-01
   6.8262403e-01
   8.6033489e-01
   1.6675761e+00
   5.9675857e-01
   2.2631866e-01
   1.1346916e+00
   4.4821653e-01
   9.1793982e-01
   5.8623439e-01
   1.1676990e+00
   1.1764418e+00
   5.0981548e+00
   4.1728377e+00
   5.2662804e+00
   5.9964704e+00
   5.7092059e+00
   4.4097988e+00
   5.1606690e+00
   4.8591716e+00
   4.6877235e+00
   4.5828233e+00
   5.3444035e+00
   4.9853485e+00
   5.2279006e+00
   5.0160632e+00
   4.9675133e+00
   5.3854803e+00
   5.5641415e+00
   6.2560801e+00
   4.5213511e+00
   4.6886949e+00
   5.7189171e+00
   5.0051002e+00
   4.5093672e+00
   5.3577713e+00
   5.9766213e+00
   5.5539469e+00
   6.1786924e+00
   5.4522712e+00
   3.0322645e+00
   1.9300941e+00
   1.5301103e+00
   1.9944383e+00
   2.6951225e+00
   3.6418956e+00
   4.5176371e+00
   3.8992939e+00
   4.4755924e+00
   3.6500798e+00
   4.2429953e+00
   3.1977183e+00
   3.9534560e+00
   2.3102401e-01
  -1.6050235e-01
   6.1827783e-01
  -3.1563983e-01
  -1.1626056e+00
  -6.1581827e-01
   5.2782419e-01
  -5.6611995e-02
   1.8961181e-01
   4.7209986e-01
  -1.0602133e+00
  -3.2233946e-01
  -3.5215086e-01
  -5.0906861e-01
  -9.1040934e-02
   7.6050662e-01
  -1.9219382e-02
   6.1372399e-01
  -3.4810240e-01
   3.7622433e-03
  -3.9144652e-01
   2.9346928e-01
  -1.2560369e-01
   2.4006791e-01
   3.3407752e-01
  -3.9160598e-02
   4.4458631e-01
   1.1546437e+00
   2.6231934e-01
  -5.8936620e-03
   4.5657041e-01
   2.7970339e-02
  -5.5353495e-01
   2.4274885e-01
  -2.5025369e-03
  -1.3810893e-01
   6.3822624e-01
   9.3170031e-01
  -2.6127965e-01
   5.1712223e-02
  -4.0382457e-01
   3.4021929e-01
  -1.1822949e+00
   4.9505744e-01
   1.0944956e-01
   1.3083123e-01
   6.0672225e-01
  -1.3733349e-01
  -6.6567225e-02
